79,72,94,83,85
83,69,15,79,37,44,52
41,86,69,72,39,35,47
94,62,85,35,43,54,57,79,38
18,44,94,89,86,52,98,57,73,37,34,58,12,33,56
72,46,88,58,26,89,85,39,86,41,48,36,69,82,75,28,95,97,52,25,53,99,77
85,74,62,83,79,54,44,43,94,72,67,46,65,12,15,39,35,38,47
75,52,28,37,86,34,77,48,53,18,33,21,41,69,57,25,98
64,73,79,83,44,15,67,74,34,98,68,33,57,37,18,56,75,88,41,86,58
65,64,73,79,83,44,12,15,67,74,98,68,37,56,75,88,52,41,86
89,26,69,48,21,28,95,39,38,43,54
89,26,48,77,99,25,72
75,88,52,86,58,89,26,69,48,53,77,28,99,25,95,36,72,97,46,85,82
73,54,44,62,57,83,52,18,15,65,56,12,75,68,34,74,33,94,67
88,83,89,94,73,18,74
67,34,98,68,33,57,37,75,58,89,26,69,21,77,28
77,21,97,54,99,65,28,62,47,48,43,35,85
74,57,75,15,88,44,89,41,33,58,94,37,83,73,68
38,65,35,82,67,98,54,64,34,47,39,97,79,15,44,74,62,73,43,94,12,85,83
83,44,12,15,67,74,34,68,33,57,37,18,56,75,88,52,41,86,58,89,26,69,48
47,62,43,33,37,75,57
57,18,75,88,52,41,86,89,26,69,53,28,95,36,97
65,64,94,79,83,44,12,67,74,34,98,57,37,18,88,52,86
64,75,83,12,37,88,57,67,62,56,98,94,18,54,79,74,68
26,53,77,99,95,85,38
67,34,53,86,37,26,98,28,88
12,67,68,37,75,58,89,26,48,53,21
56,79,15,67,41,73,33,98,34,74,37,57,26,86,75,89,44
98,68,33,57,37,18,56,88,41,86,58,89,26,69,48,53,77,28,99,25,95
12,73,38,79,33,56,18,65,74,67,62,43,34,94,44,15,54
64,83,35,33,37,34,47,73,38,54,98,18,15,43,79,62,68,12,74
18,56,75,88,41,86,58,89,26,48,53,77,99,25,95,36,97,39,46
86,58,48,21,77,28,99,25,95,36,72,39,85,82,35,47,43
98,68,33,57,37,18,56,88,52,86,58,89,26,69,48,53,77,28,99,25,95
97,62,12,35,38,47,43,98,94,34,85,44,67,54,83
94,73,79,83,44,12,67,74,34,98,68,33,57,37,18,56,88,52,41,86,58
41,99,77,85,56,39,36,89,21
73,12,33,37,56,52,26
15,68,88,41,86
52,58,89,69,48,53,28,25,95,36,72,46,85,82,38
74,94,97,65,62,39,12,83,35,15,36,38,47,73,64,82,44
86,18,52,58,12,68,34,44,64
65,73,95,62,82,72,94,83,36,77,85,97,35,79,47
82,69,86,95,48,58,75,39,77,52,25,88,99
39,18,97,21,72,37,58
46,82,35,47,62,65,73,44,33
28,94,65,77,54,62,48
62,35,43,74,44,54,15,79,39,73,64,65,38,12,85,47,34,98,82,67,46
18,26,69,56,97,89,99,46,95,88,48
37,86,12,56,48,57,41,75,69,18,89,52,26,21,58
56,54,73,79,98,65,12,83,75,88,62,57,68,18,64,67,37,74,43,44,34,15,33
35,46,43,97,39,73,62,85,28,99,54,79,21,72,38,25,77,64,47
56,75,88,52,41,26,69,28,95
86,58,26,69,53,21,77,28,99,25,36,72,39,46,35,47,43
72,89,88,53,28,86,26,25,48
35,65,39,64,34,46,97,44,79,67,38,54,94,15,47,43,85,12,82
85,46,65,36,97,72,25,94,54,38,82,95,43,53,35,77,99,21,47,62,73
34,98,33,18,56,75,88,52,86,26,69,99,25
25,72,46,36,39,26,38,47,58,95,85,48,53,86,99,82,35,89,43,97,28,69,21
25,95,36,72,97,46,85,82,47,43,62,64,94,73,79,83,44,12,15
41,86,58,77,99,97,39
37,41,58,48,21,77,36,97,39
56,86,89,69,77
67,79,15,82,34,65,83,94,98,47,38,54,73,33,74,35,57,85,12,68,64,43,44
52,75,18,56,98,68,74,86,67,88,57,33,94,15,79,73,44,41,89
99,25,95,36,72,97,39,46,85,82,38,47,43,62,54,65,64,94,73,79,83,44,12
39,72,25,85,82,36,52
35,26,77,52,46,72,88,69,89,85,99,58,21,39,95
28,99,25,95,36,72,97,39,46,35,38,47,54,65,64,94,73,83,44
56,86,89,33,28,88,53,37,58,69,26,21,48,72,18,52,57,41,77,25,95
43,46,12,44,97,15,85,72,47,82,35,64,54,38,95,67,39,73,65,62,83
43,54,65,64,15,33,37,56,88
21,28,94,99,97,79,39,54,35,25,46
99,72,82,58,36,38,52,46,85
37,65,43,79,73,67,74,98,64,44,38,68,12,33,15,47,83
74,86,26,12,52,57,73,68,34
37,18,94,44,83,75,86,65,34,64,52
43,15,83,57,74,62,44,56,33,12,38,79,94,54,67,64,18,34,68,47,65
74,68,33,57,56,75,88,52,86,58,89,26,69,48,53,21,77,28,99
65,34,79,88,74,44,12,41,18,94,83,98,67,86,68,52,64
68,95,53,18,69,88,86,56,28,25,98,33,57,89,77
97,47,43,53,54,82,73,64,99,39,46
77,28,25,95,36,97,46,85,82,38,47,43,62,65,64,73,83
72,85,88,53,39,52,95,99,86,69,56
58,53,77,86,89,74,99,18,21
28,25,69,85,97,64,46
82,83,15,74,98,33,37
21,77,28,99,25,95,36,72,97,39,46,85,82,35,38,43,62,54,65,64,94,73,79
53,46,28,97,35,77,38,62,65,21,48,43,39,82,99,47,25,85,54,26,36
39,35,38,47,43,62,54,73,79,74,68
18,99,98,74,69,88,53,33,68,26,34,86,57
82,35,43,62,54,65,73,79,44,67,34,68,33,57,37
54,47,94,36,82,99,62,79,95,83,39,25,46,72,65,73,97,38,35,28,85
33,57,37,18,56,75,88,52,41,86,58,89,26,69,48,53,21,77,99,25,95,36,72
86,88,41,98,18,15,75,33,89,74,48,56,34,37,44,57,52,68,58,67,53
88,41,58,89,26,69,53,21,77,28,25,36,97,39,46,82,35
64,67,62,43,54,56,15,12,98,73,44,47,83,65,37,94,74
56,88,52,89,53,77,85
44,74,37,88,48,89,58,68,52,12,98,67,33,53,69,18,75,26,41,56,15
98,83,12,94,18,65,37,35,15,47,33,68,67,74,54,34,73,43,57,44,38
41,58,26,48,53,77,28,99,25,95,36,97,39,85,82,38,47
47,43,62,54,64,94,73,83,44,12,15,67,34,98,68,33,57,37,18,56,75
57,36,97,26,56,69,99
75,28,53,41,21,18,89,48,25,52,46,88,36
52,75,68,83,12,65,73,98,57,44,34,15,74,64,37,94,54,41,88
74,75,67,52,21,15,58
26,69,48,53,21,77,28,99,25,95,36,72,39,46,85,82,35,38,47,43,62,54,65
67,74,34,68,33,57,37,18,75,88,86,26,69,48,21,77,28
68,88,58,89,26,53,21,28,36
83,12,15,74,75,88,48
99,25,95,36,72,97,39,46,62,64,73,44,12
97,21,35,94,64,65,43,47,72
77,95,25,62,46,39,99,38,21,72,82,36,65
57,73,67,79,75,37,68,33,86
95,36,97,39,46,85,82,35,38,47,43,62,65,64,94,73,79,83,12,15,67
57,48,89,26,41,18,72,52,33,75,88,77,99,56,69
79,56,86,58,75,12,41,34,73,26,18,57,74
89,43,69,26,39,47,48,28,85,35,54
95,36,72,97,39,46,85,82,35,38,47,43,62,54,65,64,94,73,79,83,44,15,67
94,82,64,83,38,35,12,62,72,34,65
73,68,26,74,89,12,52,34,15
52,86,58,26,21,28,99,25,95,36,97,46,85,35,38
43,54,64,83,67,34,98,68,33,57,37,56,88
69,56,86,33,44,89,79,68,88
74,34,98,68,57,56,75,88,41,26,69,48,77,28,99
74,98,33,37,18,56,88,41,86,26,69,48,53,21,77,28,99
77,62,39,43,21,28,25,35,97,47,38,85,54
41,86,53,21,77,28,25,95,36,72,97,46,85,82,35,38,47
65,74,88,79,64,34,12,15,57,37,73,44,75,98,18,52,83,56,94
62,64,94,79,83,44,15,67,74,34,98,57,52
82,38,43,62,54,65,64,94,79,83,44,12,67,74,34,98,33,57,37
68,33,18,34,88,26,74,52,48,57,12,15,83,58,56,37,69,41,86,89,98
99,52,21,36,18
75,88,53,28,77,18,52,67,26
64,68,37,18,56,41,58
52,72,37,77,18,39,69,86,58,36,75,25,48
37,18,56,75,88,41,26,69,48,53,77,25,95,36,39
82,58,53,48,72,86,69,35,38,46,47,77,43
15,33,56,57,79,75,88,37,64,83,65,62,34
15,98,33,57,37,18,58,69,77
89,69,21,85,38,43,54
58,77,99,25,36,97,39,46,82,38,43
64,83,46,15,85,94,38,36,74,67,79,43,73,65,35
39,46,82,38,47,62,65,94,73,79,83,44,12,15,67,74,34,98,68
89,26,69,53,21,77,28,99,25,95,36,72,97,39,46,85,82,35,43,62,54
26,46,89,39,97,95,77,41,21,72,48,35,25,88,52,58,28,82,99
99,65,46,25,72,47,95,77,82,21,28,62,43,39,48
33,67,64,68,74,56,98,57,94,44,62,79,54,65,47,73,37,38,12
12,64,37,67,65,41,57,98,75,54,94,83,73,88,52,44,34,33,68
47,73,38,62,65,82,57,15,43,94,44,68,85,33,54
72,64,83,15,85,97,44,94,46,43,12,65,25
48,53,47,95,26,97,86,39,43,25,72,85,99,89,69,58,28,46,21,77,82,38,36
65,64,94,73,79,83,44,12,15,67,74,34,98,68,33,57,37,56,75,88,52,41,86
41,58,33,56,15,52,86,44,79,67,88,83,74,75,34,37,26,89,12,98,57,73,68
99,41,75,37,88,89,21,25,86,56,48,26,18,53,57,69,68
68,35,33,62,12,64,43,15,79,44,54,65,34,46,73
75,83,52,65,94,98,56,34,15,88,37,62,73,54,74,67,18,57,64
28,89,77,36,38,82,48,99,53,35,62,39,69,46,95
54,57,15,74,82,33,47,34,35,37,98
15,67,74,34,98,68,33,57,37,18,56,75,88,52,41,86,58,26,69,48,53,21,77
99,69,41,89,39,26,52,28,86,35,36,72,82,48,58,38,85,21,77,53,95,97,25
41,69,89,57,68,53,25,88,48,28,34,98,56,86,75,99,58,77,18,52,26
57,37,18,56,52,41,86,58,89,26,69,48,53,21,77,28,99,72,97
57,37,18,56,88,52,86,26,69,53,21,72,97
38,72,28,77,99,43,58,97,26
62,56,54,65,18,94,88,37,33,15,74,68,44,34,64,98,73,52,12
41,86,58,26,69,53,21,77,28,99,25,95,36,72,97,39,46,85,82,38,47
62,44,12,15,34,18,52
25,77,88,58,28,75,41,56,97,86,69,39,95,89,18,99,72,53,48,37,36,26,21
88,52,41,86,58,89,26,69,48,21,77,28,36,72,97,82,35
48,86,53,12,34,89,57,67,98,74,37,26,69,88,58,44,33
18,88,52,86,89,26,69,21,95,36,97,39,46
88,77,25,69,26,52,85,72,39,89,97
12,67,56,86,89,26,69,48,21
41,57,21,89,58,28,98,34,77,88,75,86,68,52,25,48,53,99,69,56,37,26,18
94,12,83,97,65,79,73,95,54,67,36,15,44,47,72,82,62
86,99,28,21,98,37,57,89,25,88,68,69,52,48,34
53,28,36,97,39,46,38,47,43,62,65,64,73
99,25,65,36,64
44,69,26,88,86,15,79
44,43,54,75,37,65,57,88,79,33,94,12,83,34,18,68,74
52,58,89,26,77,28,25,36,97,85,82,35,38
54,64,28,46,36
54,44,62,37,74,18,47,64,94,67,33,98,15,73,12,56,65,43,34,38,79,57,83
34,68,33,88,52,86,58,89,53
43,38,77,95,64,21,62,82,28,35,48,53,69,65,47,99,85,36,97,39,54
94,86,12,98,41,57,58,64,88,75,44,73,37,33,68,56,74
64,44,74,41,75,15,68,83,94,79,33
83,44,12,15,67,74,98,68,57,37,18,56,75,52,41,86,58,89,26,69,48
25,35,39,73,94,36,65,47,53
75,53,37,26,33,58,69,56,25,28,41,89,99,98,52,95,21
79,85,36,39,95,72,64,44,73,46,54,83,65,15,38,97,94,12,47,67,35